78000000
78000200
78000400
78000600
78000800
78001000
78001200
78001400
78001600
78001800
78002000
78002200
78002400
78002600
78002800
78003000
78003200
78003400
78003600
78003800
78004000
78004200
78004400
78004600
78004800
78005000
78005200
78005400
78005600
78005800
78006000
78006200
78006400
78006600
78006800
78007000
78007200
78007400
78007600
78007800
78008000
78008200
78008400
78008600
78008800
78009000
78009200
78009400
78009600
78009800
78010000
78010200
78010400
78010600
78010800
78011000
78011200
78011400
78011600
78011800
78012000
78012200
78012400
78012600
78012800
78013000
78013200
78013400
78013600
78013800
78014000
78014200
78014400
78014600
78014800
78015000
78015200
78015400
78015600
78015800
78016000
78016200
78016400
78016600
78016800
78017000
78017200
78017400
78017600
78017800
78018000
78018200
78018400
78018600
78018800
78019000
78019200
78019400
78019600
78019800
78020000
78020200
78020400
78020600
78020800
78021000
78021200
78021400
78021600
78021800
78022000
78022200
78022400
78022600
78022800
78023000
78023200
78023400
78023600
78023800
78024000
78024200
78024400
78024600
78024800
78025000
78025200
78025400
78025600
78025800
78026000
78026200
78026400
78026600
78026800
78027000
78027200
78027400
78027600
78027800
78028000
78028200
78028400
78028600
78028800
78029000
78029200
78029400
78029600
78029800
78030000
78030200
78030400
78030600
78030800
78031000
78031200
78031400
78031600
78031800
78032000
78032200
78032400
78032600
78032800
78033000
78033200
78033400
78033600
78033800
78034000
78034200
78034400
78034600
78034800
78035000
78035200
78035400
78035600
78035800
78036000
78036200
78036400
78036600
78036800
78037000
78037200
78037400
78037600
78037800
78038000
78038200
78038400
78038600
78038800
78039000
78039200
78039400
78039600
78039800
78040000
78040200
78040400
78040600
78040800
78041000
78041200
78041400
78041600
78041800
78042000
78042200
78042400
78042600
78042800
78043000
78043200
78043400
78043600
78043800
78044000
78044200
78044400
78044600
78044800
78045000
78045200
78045400
78045600
78045800
78046000
78046200
78046400
78046600
78046800
78047000
78047200
78047400
78047600
78047800
78048000
78048200
78048400
78048600
78048800
78049000
78049200
78049400
78049600
78049800
78050000
78050200
78050400
78050600
78050800
78051000
78051200
78051400
78051600
78051800
78052000
78052200
78052400
78052600
78052800
78053000
78053200
78053400
78053600
78053800
78054000
78054200
78054400
78054600
78054800
78055000
78055200
78055400
78055600
78055800
78056000
78056200
78056400
78056600
78056800
78057000
78057200
78057400
78057600
78057800
78058000
78058200
78058400
78058600
78058800
78059000
78059200
78059400
78059600
78059800
78060000
78060200
78060400
78060600
78060800
78061000
78061200
78061400
78061600
78061800
78062000
78062200
78062400
78062600
78062800
78063000
78063200
78063400
78063600
78063800
78064000
78064200
78064400
78064600
78064800
78065000
78065200
78065400
78065600
78065800
78066000
78066200
78066400
78066600
78066800
78067000
78067200
78067400
78067600
78067800
78068000
78068200
78068400
78068600
78068800
78069000
78069200
78069400
78069600
78069800
78070000
78070200
78070400
78070600
78070800
78071000
78071200
78071400
78071600
78071800
78072000
78072200
78072400
78072600
78072800
78073000
78073200
78073400
78073600
78073800
78074000
78074200
78074400
78074600
78074800
78075000
78075200
78075400
78075600
78075800
78076000
78076200
78076400
78076600
78076800
78077000
78077200
78077400
78077600
78077800
78078000
78078200
78078400
78078600
78078800
78079000
78079200
78079400
78079600
78079800
78080000
78080200
78080400
78080600
78080800
78081000
78081200
78081400
78081600
78081800
78082000
78082200
78082400
78082600
78082800
78083000
78083200
78083400
78083600
78083800
78084000
78084200
78084400
78084600
78084800
78085000
78085200
78085400
78085600
78085800
78086000
78086200
78086400
78086600
78086800
78087000
78087200
78087400
78087600
78087800
78088000
78088200
78088400
78088600
78088800
78089000
78089200
78089400
78089600
78089800
78090000
78090200
78090400
78090600
78090800
78091000
78091200
78091400
78091600
78091800
78092000
78092200
78092400
78092600
78092800
78093000
78093200
78093400
78093600
78093800
78094000
78094200
78094400
78094600
78094800
78095000
78095200
78095400
78095600
78095800
78096000
78096200
78096400
78096600
78096800
78097000
78097200
78097400
78097600
78097800
78098000
78098200
78098400
78098600
78098800
78099000
78099200
78099400
78099600
78099800
78100000
78100200
78100400
78100600
78100800
78101000
78101200
78101400
78101600
78101800
78102000
78102200
78102400
78102600
78102800
78103000
78103200
78103400
78103600
78103800
78104000
78104200
78104400
78104600
78104800
78105000
78105200
78105400
78105600
78105800
78106000
78106200
78106400
78106600
78106800
78107000
78107200
78107400
78107600
78107800
78108000
78108200
78108400
78108600
78108800
78109000
78109200
78109400
78109600
78109800
78110000
78110200
78110400
78110600
78110800
78111000
78111200
78111400
78111600
78111800
78112000
78112200
78112400
78112600
78112800
78113000
78113200
78113400
78113600
78113800
78114000
78114200
78114400
78114600
78114800
78115000
78115200
78115400
78115600
78115800
78116000
78116200
78116400
78116600
78116800
78117000
78117200
78117400
78117600
78117800
78118000
78118200
78118400
78118600
78118800
78119000
78119200
78119400
78119600
78119800
78120000
78120200
78120400
78120600
78120800
78121000
78121200
78121400
78121600
78121800
78122000
78122200
78122400
78122600
78122800
78123000
78123200
78123400
78123600
78123800
78124000
78124200
78124400
78124600
78124800
78125000
78125200
78125400
78125600
78125800
78126000
78126200
78126400
78126600
78126800
78127000
78127200
78127400
78127600
78127800
78128000
78128200
78128400
78128600
78128800
78129000
78129200
78129400
78129600
78129800
78130000
78130200
78130400
78130600
78130800
78131000
78131200
78131400
78131600
78131800
78132000
78132200
78132400
78132600
78132800
78133000
78133200
78133400
78133600
78133800
78134000
78134200
78134400
78134600
78134800
78135000
78135200
78135400
78135600
78135800
78136000
78136200
78136400
78136600
78136800
78137000
78137200
78137400
78137600
78137800
78138000
78138200
78138400
78138600
78138800
78139000
78139200
78139400
78139600
78139800
78140000
78140200
78140400
78140600
78140800
78141000
78141200
78141400
78141600
78141800
78142000
78142200
78142400
78142600
78142800
78143000
78143200
78143400
78143600
78143800
78144000
78144200
78144400
78144600
78144800
78145000
78145200
78145400
78145600
78145800
78146000
78146200
78146400
78146600
78146800
78147000
78147200
78147400
78147600
78147800
78148000
78148200
78148400
78148600
78148800
78149000
78149200
78149400
78149600
78149800
78150000
78150200
78150400
78150600
78150800
78151000
78151200
78151400
78151600
78151800
78152000
78152200
78152400
78152600
78152800
78153000
78153200
78153400
78153600
78153800
78154000
78154200
78154400
78154600
78154800
78155000
78155200
78155400
78155600
78155800
78156000
78156200
78156400
78156600
78156800
78157000
78157200
78157400
78157600
78157800
78158000
78158200
78158400
78158600
78158800
78159000
78159200
78159400
78159600
78159800
78160000
78160200
78160400
78160600
78160800
78161000
78161200
78161400
78161600
78161800
78162000
78162200
78162400
78162600
78162800
78163000
78163200
78163400
78163600
78163800
78164000
78164200
78164400
78164600
78164800
78165000
78165200
78165400
78165600
78165800
78166000
78166200
78166400
78166600
78166800
78167000
78167200
78167400
78167600
78167800
78168000
78168200
78168400
78168600
78168800
78169000
78169200
78169400
78169600
78169800
78170000
78170200
78170400
78170600
78170800
78171000
78171200
78171400
78171600
78171800
78172000
78172200
78172400
78172600
78172800
78173000
78173200
78173400
78173600
78173800
78174000
78174200
78174400
78174600
78174800
78175000
78175200
78175400
78175600
78175800
78176000
78176200
78176400
78176600
78176800
78177000
78177200
78177400
78177600
78177800
78178000
78178200
78178400
78178600
78178800
78179000
78179200
78179400
78179600
78179800
78180000
78180200
78180400
78180600
78180800
78181000
78181200
78181400
78181600
78181800
78182000
78182200
78182400
78182600
78182800
78183000
78183200
78183400
78183600
78183800
78184000
78184200
78184400
78184600
78184800
78185000
78185200
78185400
78185600
78185800
78186000
78186200
78186400
78186600
78186800
78187000
78187200
78187400
78187600
78187800
78188000
78188200
78188400
78188600
78188800
78189000
78189200
78189400
78189600
78189800
78190000
78190200
78190400
78190600
78190800
78191000
78191200
78191400
78191600
78191800
78192000
78192200
78192400
78192600
78192800
78193000
78193200
78193400
78193600
78193800
78194000
78194200
78194400
78194600
78194800
78195000
78195200
78195400
78195600
78195800
78196000
78196200
78196400
78196600
78196800
78197000
78197200
78197400
78197600
78197800
78198000
78198200
78198400
78198600
78198800
78199000
78199200
78199400
78199600
78199800
78200000
78200200
78200400
78200600
78200800
78201000
78201200
78201400
78201600
78201800
78202000
78202200
78202400
78202600
78202800
78203000
78203200
78203400
78203600
78203800
78204000
78204200
78204400
78204600
78204800
78205000
78205200
78205400
78205600
78205800
78206000
78206200
78206400
78206600
78206800
78207000
78207200
78207400
78207600
78207800
78208000
78208200
78208400
78208600
78208800
78209000
78209200
78209400
78209600
78209800
78210000
78210200
78210400
78210600
78210800
78211000
78211200
78211400
78211600
78211800
78212000
78212200
78212400
78212600
78212800
78213000
78213200
78213400
78213600
78213800
78214000
78214200
78214400
78214600
78214800
78215000
78215200
78215400
78215600
78215800
78216000
78216200
78216400
78216600
78216800
78217000
78217200
78217400
78217600
78217800
78218000
78218200
78218400
78218600
78218800
78219000
78219200
78219400
78219600
78219800
78220000
78220200
78220400
78220600
78220800
78221000
78221200
78221400
78221600
78221800
78222000
78222200
78222400
78222600
78222800
78223000
78223200
78223400
78223600
78223800
78224000
78224200
78224400
78224600
78224800
78225000
78225200
78225400
78225600
78225800
78226000
78226200
78226400
78226600
78226800
78227000
78227200
78227400
78227600
78227800
78228000
78228200
78228400
78228600
78228800
78229000
78229200
78229400
78229600
78229800
78230000
78230200
78230400
78230600
78230800
78231000
78231200
78231400
78231600
78231800
78232000
78232200
78232400
78232600
78232800
78233000
78233200
78233400
78233600
78233800
78234000
78234200
78234400
78234600
78234800
78235000
78235200
78235400
78235600
78235800
78236000
78236200
78236400
78236600
78236800
78237000
78237200
78237400
78237600
78237800
78238000
78238200
78238400
78238600
78238800
78239000
78239200
78239400
78239600
78239800
78240000
78240200
78240400
78240600
78240800
78241000
78241200
78241400
78241600
78241800
78242000
78242200
78242400
78242600
78242800
78243000
78243200
78243400
78243600
78243800
78244000
78244200
78244400
78244600
78244800
78245000
78245200
78245400
78245600
78245800
78246000
78246200
78246400
78246600
78246800
78247000
78247200
78247400
78247600
78247800
78248000
78248200
78248400
78248600
78248800
78249000
78249200
78249400
78249600
78249800
78250000
78250200
78250400
78250600
78250800
78251000
78251200
78251400
78251600
78251800
78252000
78252200
78252400
78252600
78252800
78253000
78253200
78253400
78253600
78253800
78254000
78254200
78254400
78254600
78254800
78255000
78255200
78255400
78255600
78255800
78256000
78256200
78256400
78256600
78256800
78257000
78257200
78257400
78257600
78257800
78258000
78258200
78258400
78258600
78258800
78259000
78259200
78259400
78259600
78259800
78260000
78260200
78260400
78260600
78260800
78261000
78261200
78261400
78261600
78261800
78262000
78262200
78262400
78262600
78262800
78263000
78263200
78263400
78263600
78263800
78264000
78264200
78264400
78264600
78264800
78265000
78265200
78265400
78265600
78265800
78266000
78266200
78266400
78266600
78266800
78267000
78267200
78267400
78267600
78267800
78268000
78268200
78268400
78268600
78268800
78269000
78269200
78269400
78269600
78269800
78270000
78270200
78270400
78270600
78270800
78271000
78271200
78271400
78271600
78271800
78272000
78272200
78272400
78272600
78272800
78273000
78273200
78273400
78273600
78273800
78274000
78274200
78274400
78274600
78274800
78275000
78275200
78275400
78275600
78275800
78276000
78276200
78276400
78276600
78276800
78277000
78277200
78277400
78277600
78277800
78278000
78278200
78278400
78278600
78278800
78279000
78279200
78279400
78279600
78279800
78280000
78280200
78280400
78280600
78280800
78281000
78281200
78281400
78281600
78281800
78282000
78282200
78282400
78282600
78282800
78283000
78283200
78283400
78283600
78283800
78284000
78284200
78284400
78284600
78284800
78285000
78285200
78285400
78285600
78285800
78286000
78286200
78286400
78286600
78286800
78287000
78287200
78287400
78287600
78287800
78288000
78288200
78288400
78288600
78288800
78289000
78289200
78289400
78289600
78289800
78290000
78290200
78290400
78290600
78290800
78291000
78291200
78291400
78291600
78291800
78292000
78292200
78292400
78292600
78292800
78293000
78293200
78293400
78293600
78293800
78294000
78294200
78294400
78294600
78294800
78295000
78295200
78295400
78295600
78295800
78296000
78296200
78296400
78296600
78296800
78297000
78297200
78297400
78297600
78297800
78298000
78298200
78298400
78298600
78298800
78299000
78299200
78299400
78299600
78299800
78300000
78300200
78300400
78300600
78300800
78301000
78301200
78301400
78301600
78301800
78302000
78302200
78302400
78302600
78302800
78303000
78303200
78303400
78303600
78303800
78304000
78304200
78304400
78304600
78304800
78305000
78305200
78305400
78305600
78305800
78306000
78306200
78306400
78306600
78306800
78307000
78307200
78307400
78307600
78307800
78308000
78308200
78308400
78308600
78308800
78309000
78309200
78309400
78309600
78309800
78310000
78310200
78310400
78310600
78310800
78311000
78311200
78311400
78311600
78311800
78312000
78312200
78312400
78312600
78312800
78313000
78313200
78313400
78313600
78313800
78314000
78314200
78314400
78314600
78314800
78315000
78315200
78315400
78315600
78315800
78316000
78316200
78316400
78316600
78316800
78317000
78317200
78317400
78317600
78317800
78318000
78318200
78318400
78318600
78318800
78319000
78319200
78319400
78319600
78319800
78320000
78320200
78320400
78320600
78320800
78321000
78321200
78321400
78321600
78321800
78322000
78322200
78322400
78322600
78322800
78323000
78323200
78323400
78323600
78323800
78324000
78324200
78324400
78324600
78324800
78325000
78325200
78325400
78325600
78325800
78326000
78326200
78326400
78326600
78326800
78327000
78327200
78327400
78327600
78327800
78328000
78328200
78328400
78328600
78328800
78329000
78329200
78329400
78329600
78329800
78330000
78330200
78330400
78330600
78330800
78331000
78331200
78331400
78331600
78331800
78332000
78332200
78332400
78332600
78332800
78333000
78333200
78333400
78333600
78333800
78334000
78334200
78334400
78334600
78334800
78335000
78335200
78335400
78335600
78335800
78336000
78336200
78336400
78336600
78336800
78337000
78337200
78337400
78337600
78337800
78338000
78338200
78338400
78338600
78338800
78339000
78339200
78339400
78339600
78339800
78340000
78340200
78340400
78340600
78340800
78341000
78341200
78341400
78341600
78341800
78342000
78342200
78342400
78342600
78342800
78343000
78343200
78343400
78343600
78343800
78344000
78344200
78344400
78344600
78344800
78345000
78345200
78345400
78345600
78345800
78346000
78346200
78346400
78346600
78346800
78347000
78347200
78347400
78347600
78347800
78348000
78348200
78348400
78348600
78348800
78349000
78349200
78349400
78349600
78349800
78350000
78350200
78350400
78350600
78350800
78351000
78351200
78351400
78351600
78351800
78352000
78352200
78352400
78352600
78352800
78353000
78353200
78353400
78353600
78353800
78354000
78354200
78354400
78354600
78354800
78355000
78355200
78355400
78355600
78355800
78356000
78356200
78356400
78356600
78356800
78357000
78357200
78357400
78357600
78357800
78358000
78358200
78358400
78358600
78358800
78359000
78359200
78359400
78359600
78359800
78360000
78360200
78360400
78360600
78360800
78361000
78361200
78361400
78361600
78361800
78362000
78362200
78362400
78362600
78362800
78363000
78363200
78363400
78363600
78363800
78364000
78364200
78364400
78364600
78364800
78365000
78365200
78365400
78365600
78365800
78366000
78366200
78366400
78366600
78366800
78367000
78367200
78367400
78367600
78367800
78368000
78368200
78368400
78368600
78368800
78369000
78369200
78369400
78369600
78369800
78370000
78370200
78370400
78370600
78370800
78371000
78371200
78371400
78371600
78371800
78372000
78372200
78372400
78372600
78372800
78373000
78373200
78373400
78373600
78373800
78374000
78374200
78374400
78374600
78374800
78375000
78375200
78375400
78375600
78375800
78376000
78376200
78376400
78376600
78376800
78377000
78377200
78377400
78377600
78377800
78378000
78378200
78378400
78378600
78378800
78379000
78379200
78379400
78379600
78379800
78380000
78380200
78380400
78380600
78380800
78381000
78381200
78381400
78381600
78381800
78382000
78382200
78382400
78382600
78382800
78383000
78383200
78383400
78383600
78383800
78384000
78384200
78384400
78384600
78384800
78385000
78385200
78385400
78385600
78385800
78386000
78386200
78386400
78386600
78386800
78387000
78387200
78387400
78387600
78387800
78388000
78388200
78388400
78388600
78388800
78389000
78389200
78389400
78389600
78389800
78390000
78390200
78390400
78390600
78390800
78391000
78391200
78391400
78391600
78391800
78392000
78392200
78392400
78392600
78392800
78393000
78393200
78393400
78393600
78393800
78394000
78394200
78394400
78394600
78394800
78395000
78395200
78395400
78395600
78395800
78396000
78396200
78396400
78396600
78396800
78397000
78397200
78397400
78397600
78397800
78398000
78398200
78398400
78398600
78398800
78399000
78399200
78399400
78399600
78399800
78400000
78400200
78400400
78400600
78400800
78401000
78401200
78401400
78401600
78401800
78402000
78402200
78402400
78402600
78402800
78403000
78403200
78403400
78403600
78403800
78404000
78404200
78404400
78404600
78404800
78405000
78405200
78405400
78405600
78405800
78406000
78406200
78406400
78406600
78406800
78407000
78407200
78407400
78407600
78407800
78408000
78408200
78408400
78408600
78408800
78409000
78409200
78409400
78409600
78409800
78410000
78410200
78410400
78410600
78410800
78411000
78411200
78411400
78411600
78411800
78412000
78412200
78412400
78412600
78412800
78413000
78413200
78413400
78413600
78413800
78414000
78414200
78414400
78414600
78414800
78415000
78415200
78415400
78415600
78415800
78416000
78416200
78416400
78416600
78416800
78417000
78417200
78417400
78417600
78417800
78418000
78418200
78418400
78418600
78418800
78419000
78419200
78419400
78419600
78419800
78420000
78420200
78420400
78420600
78420800
78421000
78421200
78421400
78421600
78421800
78422000
78422200
78422400
78422600
78422800
78423000
78423200
78423400
78423600
78423800
78424000
78424200
78424400
78424600
78424800
78425000
78425200
78425400
78425600
78425800
78426000
78426200
78426400
78426600
78426800
78427000
78427200
78427400
78427600
78427800
78428000
78428200
78428400
78428600
78428800
78429000
78429200
78429400
78429600
78429800
78430000
78430200
78430400
78430600
78430800
78431000
78431200
78431400
78431600
78431800
78432000
78432200
78432400
78432600
78432800
78433000
78433200
78433400
78433600
78433800
78434000
78434200
78434400
78434600
78434800
78435000
78435200
78435400
78435600
78435800
78436000
78436200
78436400
78436600
78436800
78437000
78437200
78437400
78437600
78437800
78438000
78438200
78438400
78438600
78438800
78439000
78439200
78439400
78439600
78439800
78440000
78440200
78440400
78440600
78440800
78441000
78441200
78441400
78441600
78441800
78442000
78442200
78442400
78442600
78442800
78443000
78443200
78443400
78443600
78443800
78444000
78444200
78444400
78444600
78444800
78445000
78445200
78445400
78445600
78445800
78446000
78446200
78446400
78446600
78446800
78447000
78447200
78447400
78447600
78447800
78448000
78448200
78448400
78448600
78448800
78449000
78449200
78449400
78449600
78449800
78450000
78450200
78450400
78450600
78450800
78451000
78451200
78451400
78451600
78451800
78452000
78452200
78452400
78452600
78452800
78453000
78453200
78453400
78453600
78453800
78454000
78454200
78454400
78454600
78454800
78455000
78455200
78455400
78455600
78455800
78456000
78456200
78456400
78456600
78456800
78457000
78457200
78457400
78457600
78457800
78458000
78458200
78458400
78458600
78458800
78459000
78459200
78459400
78459600
78459800
78460000
78460200
78460400
78460600
78460800
78461000
78461200
78461400
78461600
78461800
78462000
78462200
78462400
78462600
78462800
78463000
78463200
78463400
78463600
78463800
78464000
78464200
78464400
78464600
78464800
78465000
78465200
78465400
78465600
78465800
78466000
78466200
78466400
78466600
78466800
78467000
78467200
78467400
78467600
78467800
78468000
78468200
78468400
78468600
78468800
78469000
78469200
78469400
78469600
78469800
78470000
78470200
78470400
78470600
78470800
78471000
78471200
78471400
78471600
78471800
78472000
78472200
78472400
78472600
78472800
78473000
78473200
78473400
78473600
78473800
78474000
78474200
78474400
78474600
78474800
78475000
78475200
78475400
78475600
78475800
78476000
78476200
78476400
78476600
78476800
78477000
78477200
78477400
78477600
78477800
78478000
78478200
78478400
78478600
78478800
78479000
78479200
78479400
78479600
78479800
78480000
78480200
78480400
78480600
78480800
78481000
78481200
78481400
78481600
78481800
78482000
78482200
78482400
78482600
78482800
78483000
78483200
78483400
78483600
78483800
78484000
78484200
78484400
78484600
78484800
78485000
78485200
78485400
78485600
78485800
78486000
78486200
78486400
78486600
78486800
78487000
78487200
78487400
78487600
78487800
78488000
78488200
78488400
78488600
78488800
78489000
78489200
78489400
78489600
78489800
78490000
78490200
78490400
78490600
78490800
78491000
78491200
78491400
78491600
78491800
78492000
78492200
78492400
78492600
78492800
78493000
78493200
78493400
78493600
78493800
78494000
78494200
78494400
78494600
78494800
78495000
78495200
78495400
78495600
78495800
78496000
78496200
78496400
78496600
78496800
78497000
78497200
78497400
78497600
78497800
78498000
78498200
78498400
78498600
78498800
78499000
78499200
78499400
78499600
78499800
78500000
78500200
78500400
78500600
78500800
78501000
78501200
78501400
78501600
78501800
78502000
78502200
78502400
78502600
78502800
78503000
78503200
78503400
78503600
78503800
78504000
78504200
78504400
78504600
78504800
78505000
78505200
78505400
78505600
78505800
78506000
78506200
78506400
78506600
78506800
78507000
78507200
78507400
78507600
78507800
78508000
78508200
78508400
78508600
78508800
78509000
78509200
78509400
78509600
78509800
78510000
78510200
78510400
78510600
78510800
78511000
78511200
78511400
78511600
78511800
78512000
78512200
78512400
78512600
78512800
78513000
78513200
78513400
78513600
78513800
78514000
78514200
78514400
78514600
78514800
78515000
78515200
78515400
78515600
78515800
78516000
78516200
78516400
78516600
78516800
78517000
78517200
78517400
78517600
78517800
78518000
78518200
78518400
78518600
78518800
78519000
78519200
78519400
78519600
78519800
78520000
78520200
78520400
78520600
78520800
78521000
78521200
78521400
78521600
78521800
78522000
78522200
78522400
78522600
78522800
78523000
78523200
78523400
78523600
78523800
78524000
78524200
78524400
78524600
78524800
78525000
78525200
78525400
78525600
78525800
78526000
78526200
78526400
78526600
78526800
78527000
78527200
78527400
78527600
78527800
78528000
78528200
78528400
78528600
78528800
78529000
78529200
78529400
78529600
78529800
78530000
78530200
78530400
78530600
78530800
78531000
78531200
78531400
78531600
78531800
78532000
78532200
78532400
78532600
78532800
78533000
78533200
78533400
78533600
78533800
78534000
78534200
78534400
78534600
78534800
78535000
78535200
78535400
78535600
78535800
78536000
78536200
78536400
78536600
78536800
78537000
78537200
78537400
78537600
78537800
78538000
78538200
78538400
78538600
78538800
78539000
78539200
78539400
78539600
78539800
78540000
78540200
78540400
78540600
78540800
78541000
78541200
78541400
78541600
78541800
78542000
78542200
78542400
78542600
78542800
78543000
78543200
78543400
78543600
78543800
78544000
78544200
78544400
78544600
78544800
78545000
78545200
78545400
78545600
78545800
78546000
78546200
78546400
78546600
78546800
78547000
78547200
78547400
78547600
78547800
78548000
78548200
78548400
78548600
78548800
78549000
78549200
78549400
78549600
78549800
78550000
78550200
78550400
78550600
78550800
78551000
78551200
78551400
78551600
78551800
78552000
78552200
78552400
78552600
78552800
78553000
78553200
78553400
78553600
78553800
78554000
78554200
78554400
78554600
78554800
78555000
78555200
78555400
78555600
78555800
78556000
78556200
78556400
78556600
78556800
78557000
78557200
78557400
78557600
78557800
78558000
78558200
78558400
78558600
78558800
78559000
78559200
78559400
78559600
78559800
78560000
78560200
78560400
78560600
78560800
78561000
78561200
78561400
78561600
78561800
78562000
78562200
78562400
78562600
78562800
78563000
78563200
78563400
78563600
78563800
78564000
78564200
78564400
78564600
78564800
78565000
78565200
78565400
78565600
78565800
78566000
78566200
78566400
78566600
78566800
78567000
78567200
78567400
78567600
78567800
78568000
78568200
78568400
78568600
78568800
78569000
78569200
78569400
78569600
78569800
78570000
78570200
78570400
78570600
78570800
78571000
78571200
78571400
78571600
78571800
78572000
78572200
78572400
78572600
78572800
78573000
78573200
78573400
78573600
78573800
78574000
78574200
78574400
78574600
78574800
78575000
78575200
78575400
78575600
78575800
78576000
78576200
78576400
78576600
78576800
78577000
78577200
78577400
78577600
78577800
78578000
78578200
78578400
78578600
78578800
78579000
78579200
78579400
78579600
78579800
78580000
78580200
78580400
78580600
78580800
78581000
78581200
78581400
78581600
78581800
78582000
78582200
78582400
78582600
78582800
78583000
78583200
78583400
78583600
78583800
78584000
78584200
78584400
78584600
78584800
78585000
78585200
78585400
78585600
78585800
78586000
78586200
78586400
78586600
78586800
78587000
78587200
78587400
78587600
78587800
78588000
78588200
78588400
78588600
78588800
78589000
78589200
78589400
78589600
78589800
78590000
78590200
78590400
78590600
78590800
78591000
78591200
78591400
78591600
78591800
78592000
78592200
78592400
78592600
78592800
78593000
78593200
78593400
78593600
78593800
78594000
78594200
78594400
78594600
78594800
78595000
78595200
78595400
78595600
78595800
78596000
78596200
78596400
78596600
78596800
78597000
78597200
78597400
78597600
78597800
78598000
78598200
78598400
78598600
78598800
78599000
78599200
78599400
78599600
78599800
78600000
78600200
78600400
78600600
78600800
78601000
78601200
78601400
78601600
78601800
78602000
78602200
78602400
78602600
78602800
78603000
78603200
78603400
78603600
78603800
78604000
78604200
78604400
78604600
78604800
78605000
78605200
78605400
78605600
78605800
78606000
78606200
78606400
78606600
78606800
78607000
78607200
78607400
78607600
78607800
78608000
78608200
78608400
78608600
78608800
78609000
78609200
78609400
78609600
78609800
78610000
78610200
78610400
78610600
78610800
78611000
78611200
78611400
78611600
78611800
78612000
78612200
78612400
78612600
78612800
78613000
78613200
78613400
78613600
78613800
78614000
78614200
78614400
78614600
78614800
78615000
78615200
78615400
78615600
78615800
78616000
78616200
78616400
78616600
78616800
78617000
78617200
78617400
78617600
78617800
78618000
78618200
78618400
78618600
78618800
78619000
78619200
78619400
78619600
78619800
78620000
78620200
78620400
78620600
78620800
78621000
78621200
78621400
78621600
78621800
78622000
78622200
78622400
78622600
78622800
78623000
78623200
78623400
78623600
78623800
78624000
78624200
78624400
78624600
78624800
78625000
78625200
78625400
78625600
78625800
78626000
78626200
78626400
78626600
78626800
78627000
78627200
78627400
78627600
78627800
78628000
78628200
78628400
78628600
78628800
78629000
78629200
78629400
78629600
78629800
78630000
78630200
78630400
78630600
78630800
78631000
78631200
78631400
78631600
78631800
78632000
78632200
78632400
78632600
78632800
78633000
78633200
78633400
78633600
78633800
78634000
78634200
78634400
78634600
78634800
78635000
78635200
78635400
78635600
78635800
78636000
78636200
78636400
78636600
78636800
78637000
78637200
78637400
78637600
78637800
78638000
78638200
78638400
78638600
78638800
78639000
78639200
78639400
78639600
78639800
78640000
78640200
78640400
78640600
78640800
78641000
78641200
78641400
78641600
78641800
78642000
78642200
78642400
78642600
78642800
78643000
78643200
78643400
78643600
78643800
78644000
78644200
78644400
78644600
78644800
78645000
78645200
78645400
78645600
78645800
78646000
78646200
78646400
78646600
78646800
78647000
78647200
78647400
78647600
78647800
78648000
78648200
78648400
78648600
78648800
78649000
78649200
78649400
78649600
78649800
78650000
78650200
78650400
78650600
78650800
78651000
78651200
78651400
78651600
78651800
78652000
78652200
78652400
78652600
78652800
78653000
78653200
78653400
78653600
78653800
78654000
78654200
78654400
78654600
78654800
78655000
78655200
78655400
78655600
78655800
78656000
78656200
78656400
78656600
78656800
78657000
78657200
78657400
78657600
78657800
78658000
78658200
78658400
78658600
78658800
78659000
78659200
78659400
78659600
78659800
78660000
78660200
78660400
78660600
78660800
78661000
78661200
78661400
78661600
78661800
78662000
78662200
78662400
78662600
78662800
78663000
78663200
78663400
78663600
78663800
78664000
78664200
78664400
78664600
78664800
78665000
78665200
78665400
78665600
78665800
78666000
78666200
78666400
78666600
78666800
78667000
78667200
78667400
78667600
78667800
78668000
78668200
78668400
78668600
78668800
78669000
78669200
78669400
78669600
78669800
78670000
78670200
78670400
78670600
78670800
78671000
78671200
78671400
78671600
78671800
78672000
78672200
78672400
78672600
78672800
78673000
78673200
78673400
78673600
78673800
78674000
78674200
78674400
78674600
78674800
78675000
78675200
78675400
78675600
78675800
78676000
78676200
78676400
78676600
78676800
78677000
78677200
78677400
78677600
78677800
78678000
78678200
78678400
78678600
78678800
78679000
78679200
78679400
78679600
78679800
78680000
78680200
78680400
78680600
78680800
78681000
78681200
78681400
78681600
78681800
78682000
78682200
78682400
78682600
78682800
78683000
78683200
78683400
78683600
78683800
78684000
78684200
78684400
78684600
78684800
78685000
78685200
78685400
78685600
78685800
78686000
78686200
78686400
78686600
78686800
78687000
78687200
78687400
78687600
78687800
78688000
78688200
78688400
78688600
78688800
78689000
78689200
78689400
78689600
78689800
78690000
78690200
78690400
78690600
78690800
78691000
78691200
78691400
78691600
78691800
78692000
78692200
78692400
78692600
78692800
78693000
78693200
78693400
78693600
78693800
78694000
78694200
78694400
78694600
78694800
78695000
78695200
78695400
78695600
78695800
78696000
78696200
78696400
78696600
78696800
78697000
78697200
78697400
78697600
78697800
78698000
78698200
78698400
78698600
78698800
78699000
78699200
78699400
78699600
78699800
78700000
78700200
78700400
78700600
78700800
78701000
78701200
78701400
78701600
78701800
78702000
78702200
78702400
78702600
78702800
78703000
78703200
78703400
78703600
78703800
78704000
78704200
78704400
78704600
78704800
78705000
78705200
78705400
78705600
78705800
78706000
78706200
78706400
78706600
78706800
78707000
78707200
78707400
78707600
78707800
78708000
78708200
78708400
78708600
78708800
78709000
78709200
78709400
78709600
78709800
78710000
78710200
78710400
78710600
78710800
78711000
78711200
78711400
78711600
78711800
78712000
78712200
78712400
78712600
78712800
78713000
78713200
78713400
78713600
78713800
78714000
78714200
78714400
78714600
78714800
78715000
78715200
78715400
78715600
78715800
78716000
78716200
78716400
78716600
78716800
78717000
78717200
78717400
78717600
78717800
78718000
78718200
78718400
78718600
78718800
78719000
78719200
78719400
78719600
78719800
78720000
78720200
78720400
78720600
78720800
78721000
78721200
78721400
78721600
78721800
78722000
78722200
78722400
78722600
78722800
78723000
78723200
78723400
78723600
78723800
78724000
78724200
78724400
78724600
78724800
78725000
78725200
78725400
78725600
78725800
78726000
78726200
78726400
78726600
78726800
78727000
78727200
78727400
78727600
78727800
78728000
78728200
78728400
78728600
78728800
78729000
78729200
78729400
78729600
78729800
78730000
78730200
78730400
78730600
78730800
78731000
78731200
78731400
78731600
78731800
78732000
78732200
78732400
78732600
78732800
78733000
78733200
78733400
78733600
78733800
78734000
78734200
78734400
78734600
78734800
78735000
78735200
78735400
78735600
78735800
78736000
78736200
78736400
78736600
78736800
78737000
78737200
78737400
78737600
78737800
78738000
78738200
78738400
78738600
78738800
78739000
78739200
78739400
78739600
78739800
78740000
78740200
78740400
78740600
78740800
78741000
78741200
78741400
78741600
78741800
78742000
78742200
78742400
78742600
78742800
78743000
78743200
78743400
78743600
78743800
78744000
78744200
78744400
78744600
78744800
78745000
78745200
78745400
78745600
78745800
78746000
78746200
78746400
78746600
78746800
78747000
78747200
78747400
78747600
78747800
78748000
78748200
78748400
78748600
78748800
78749000
78749200
78749400
78749600
78749800
78750000
78750200
78750400
78750600
78750800
78751000
78751200
78751400
78751600
78751800
78752000
78752200
78752400
78752600
78752800
78753000
78753200
78753400
78753600
78753800
78754000
78754200
78754400
78754600
78754800
78755000
78755200
78755400
78755600
78755800
78756000
78756200
78756400
78756600
78756800
78757000
78757200
78757400
78757600
78757800
78758000
78758200
78758400
78758600
78758800
78759000
78759200
78759400
78759600
78759800
78760000
78760200
78760400
78760600
78760800
78761000
78761200
78761400
78761600
78761800
78762000
78762200
78762400
78762600
78762800
78763000
78763200
78763400
78763600
78763800
78764000
78764200
78764400
78764600
78764800
78765000
78765200
78765400
78765600
78765800
78766000
78766200
78766400
78766600
78766800
78767000
78767200
78767400
78767600
78767800
78768000
78768200
78768400
78768600
78768800
78769000
78769200
78769400
78769600
78769800
78770000
78770200
78770400
78770600
78770800
78771000
78771200
78771400
78771600
78771800
78772000
78772200
78772400
78772600
78772800
78773000
78773200
78773400
78773600
78773800
78774000
78774200
78774400
78774600
78774800
78775000
78775200
78775400
78775600
78775800
78776000
78776200
78776400
78776600
78776800
78777000
78777200
78777400
78777600
78777800
78778000
78778200
78778400
78778600
78778800
78779000
78779200
78779400
78779600
78779800
78780000
78780200
78780400
78780600
78780800
78781000
78781200
78781400
78781600
78781800
78782000
78782200
78782400
78782600
78782800
78783000
78783200
78783400
78783600
78783800
78784000
78784200
78784400
78784600
78784800
78785000
78785200
78785400
78785600
78785800
78786000
78786200
78786400
78786600
78786800
78787000
78787200
78787400
78787600
78787800
78788000
78788200
78788400
78788600
78788800
78789000
78789200
78789400
78789600
78789800
78790000
78790200
78790400
78790600
78790800
78791000
78791200
78791400
78791600
78791800
78792000
78792200
78792400
78792600
78792800
78793000
78793200
78793400
78793600
78793800
78794000
78794200
78794400
78794600
78794800
78795000
78795200
78795400
78795600
78795800
78796000
78796200
78796400
78796600
78796800
78797000
78797200
78797400
78797600
78797800
78798000
78798200
78798400
78798600
78798800
78799000
78799200
78799400
78799600
78799800
78800000
78800200
78800400
78800600
78800800
78801000
78801200
78801400
78801600
78801800
78802000
78802200
78802400
78802600
78802800
78803000
78803200
78803400
78803600
78803800
78804000
78804200
78804400
78804600
78804800
78805000
78805200
78805400
78805600
78805800
78806000
78806200
78806400
78806600
78806800
78807000
78807200
78807400
78807600
78807800
78808000
78808200
78808400
78808600
78808800
78809000
78809200
78809400
78809600
78809800
78810000
78810200
78810400
78810600
78810800
78811000
78811200
78811400
78811600
78811800
78812000
78812200
78812400
78812600
78812800
78813000
78813200
78813400
78813600
78813800
78814000
78814200
78814400
78814600
78814800
78815000
78815200
78815400
78815600
78815800
78816000
78816200
78816400
78816600
78816800
78817000
78817200
78817400
78817600
78817800
78818000
78818200
78818400
78818600
78818800
78819000
78819200
78819400
78819600
78819800
78820000
78820200
78820400
78820600
78820800
78821000
78821200
78821400
78821600
78821800
78822000
78822200
78822400
78822600
78822800
78823000
78823200
78823400
78823600
78823800
78824000
78824200
78824400
78824600
78824800
78825000
78825200
78825400
78825600
78825800
78826000
78826200
78826400
78826600
78826800
78827000
78827200
78827400
78827600
78827800
78828000
78828200
78828400
78828600
78828800
78829000
78829200
78829400
78829600
78829800
78830000
78830200
78830400
78830600
78830800
78831000
78831200
78831400
78831600
78831800
78832000
78832200
78832400
78832600
78832800
78833000
78833200
78833400
78833600
78833800
78834000
78834200
78834400
78834600
78834800
78835000
78835200
78835400
78835600
78835800
78836000
78836200
78836400
78836600
78836800
78837000
78837200
78837400
78837600
78837800
78838000
78838200
78838400
78838600
78838800
78839000
78839200
78839400
78839600
78839800
78840000
78840200
78840400
78840600
78840800
78841000
78841200
78841400
78841600
78841800
78842000
78842200
78842400
78842600
78842800
78843000
78843200
78843400
78843600
78843800
78844000
78844200
78844400
78844600
78844800
78845000
78845200
78845400
78845600
78845800
78846000
78846200
78846400
78846600
78846800
78847000
78847200
78847400
78847600
78847800
78848000
78848200
78848400
78848600
78848800
78849000
78849200
78849400
78849600
78849800
78850000
78850200
78850400
78850600
78850800
78851000
78851200
78851400
78851600
78851800
78852000
78852200
78852400
78852600
78852800
78853000
78853200
78853400
78853600
78853800
78854000
78854200
78854400
78854600
78854800
78855000
78855200
78855400
78855600
78855800
78856000
78856200
78856400
78856600
78856800
78857000
78857200
78857400
78857600
78857800
78858000
78858200
78858400
78858600
78858800
78859000
78859200
78859400
78859600
78859800
78860000
78860200
78860400
78860600
78860800
78861000
78861200
78861400
78861600
78861800
78862000
78862200
78862400
78862600
78862800
78863000
78863200
78863400
78863600
78863800
78864000
78864200
78864400
78864600
78864800
78865000
78865200
78865400
78865600
78865800
78866000
78866200
78866400
78866600
78866800
78867000
78867200
78867400
78867600
78867800
78868000
78868200
78868400
78868600
78868800
78869000
78869200
78869400
78869600
78869800
78870000
78870200
78870400
78870600
78870800
78871000
78871200
78871400
78871600
78871800
78872000
78872200
78872400
78872600
78872800
78873000
78873200
78873400
78873600
78873800
78874000
78874200
78874400
78874600
78874800
78875000
78875200
78875400
78875600
78875800
78876000
78876200
78876400
78876600
78876800
78877000
78877200
78877400
78877600
78877800
78878000
78878200
78878400
78878600
78878800
78879000
78879200
78879400
78879600
78879800
78880000
78880200
78880400
78880600
78880800
78881000
78881200
78881400
78881600
78881800
78882000
78882200
78882400
78882600
78882800
78883000
78883200
78883400
78883600
78883800
78884000
78884200
78884400
78884600
78884800
78885000
78885200
78885400
78885600
78885800
78886000
78886200
78886400
78886600
78886800
78887000
78887200
78887400
78887600
78887800
78888000
78888200
78888400
78888600
78888800
78889000
78889200
78889400
78889600
78889800
78890000
78890200
78890400
78890600
78890800
78891000
78891200
78891400
78891600
78891800
78892000
78892200
78892400
78892600
78892800
78893000
78893200
78893400
78893600
78893800
78894000
78894200
78894400
78894600
78894800
78895000
78895200
78895400
78895600
78895800
78896000
78896200
78896400
78896600
78896800
78897000
78897200
78897400
78897600
78897800
78898000
78898200
78898400
78898600
78898800
78899000
78899200
78899400
78899600
78899800
78900000
78900200
78900400
78900600
78900800
78901000
78901200
78901400
78901600
78901800
78902000
78902200
78902400
78902600
78902800
78903000
78903200
78903400
78903600
78903800
78904000
78904200
78904400
78904600
78904800
78905000
78905200
78905400
78905600
78905800
78906000
78906200
78906400
78906600
78906800
78907000
78907200
78907400
78907600
78907800
78908000
78908200
78908400
78908600
78908800
78909000
78909200
78909400
78909600
78909800
78910000
78910200
78910400
78910600
78910800
78911000
78911200
78911400
78911600
78911800
78912000
78912200
78912400
78912600
78912800
78913000
78913200
78913400
78913600
78913800
78914000
78914200
78914400
78914600
78914800
78915000
78915200
78915400
78915600
78915800
78916000
78916200
78916400
78916600
78916800
78917000
78917200
78917400
78917600
78917800
78918000
78918200
78918400
78918600
78918800
78919000
78919200
78919400
78919600
78919800
78920000
78920200
78920400
78920600
78920800
78921000
78921200
78921400
78921600
78921800
78922000
78922200
78922400
78922600
78922800
78923000
78923200
78923400
78923600
78923800
78924000
78924200
78924400
78924600
78924800
78925000
78925200
78925400
78925600
78925800
78926000
78926200
78926400
78926600
78926800
78927000
78927200
78927400
78927600
78927800
78928000
78928200
78928400
78928600
78928800
78929000
78929200
78929400
78929600
78929800
78930000
78930200
78930400
78930600
78930800
78931000
78931200
78931400
78931600
78931800
78932000
78932200
78932400
78932600
78932800
78933000
78933200
78933400
78933600
78933800
78934000
78934200
78934400
78934600
78934800
78935000
78935200
78935400
78935600
78935800
78936000
78936200
78936400
78936600
78936800
78937000
78937200
78937400
78937600
78937800
78938000
78938200
78938400
78938600
78938800
78939000
78939200
78939400
78939600
78939800
78940000
78940200
78940400
78940600
78940800
78941000
78941200
78941400
78941600
78941800
78942000
78942200
78942400
78942600
78942800
78943000
78943200
78943400
78943600
78943800
78944000
78944200
78944400
78944600
78944800
78945000
78945200
78945400
78945600
78945800
78946000
78946200
78946400
78946600
78946800
78947000
78947200
78947400
78947600
78947800
78948000
78948200
78948400
78948600
78948800
78949000
78949200
78949400
78949600
78949800
78950000
78950200
78950400
78950600
78950800
78951000
78951200
78951400
78951600
78951800
78952000
78952200
78952400
78952600
78952800
78953000
78953200
78953400
78953600
78953800
78954000
78954200
78954400
78954600
78954800
78955000
78955200
78955400
78955600
78955800
78956000
78956200
78956400
78956600
78956800
78957000
78957200
78957400
78957600
78957800
78958000
78958200
78958400
78958600
78958800
78959000
78959200
78959400
78959600
78959800
78960000
78960200
78960400
78960600
78960800
78961000
78961200
78961400
78961600
78961800
78962000
78962200
78962400
78962600
78962800
78963000
78963200
78963400
78963600
78963800
78964000
78964200
78964400
78964600
78964800
78965000
78965200
78965400
78965600
78965800
78966000
78966200
78966400
78966600
78966800
78967000
78967200
78967400
78967600
78967800
78968000
78968200
78968400
78968600
78968800
78969000
78969200
78969400
78969600
78969800
78970000
78970200
78970400
78970600
78970800
78971000
78971200
78971400
78971600
78971800
78972000
78972200
78972400
78972600
78972800
78973000
78973200
78973400
78973600
78973800
78974000
78974200
78974400
78974600
78974800
78975000
78975200
78975400
78975600
78975800
78976000
78976200
78976400
78976600
78976800
78977000
78977200
78977400
78977600
78977800
78978000
78978200
78978400
78978600
78978800
78979000
78979200
78979400
78979600
78979800
78980000
78980200
78980400
78980600
78980800
78981000
78981200
78981400
78981600
78981800
78982000
78982200
78982400
78982600
78982800
78983000
78983200
78983400
78983600
78983800
78984000
78984200
78984400
78984600
78984800
78985000
78985200
78985400
78985600
78985800
78986000
78986200
78986400
78986600
78986800
78987000
78987200
78987400
78987600
78987800
78988000
78988200
78988400
78988600
78988800
78989000
78989200
78989400
78989600
78989800
78990000
78990200
78990400
78990600
78990800
78991000
78991200
78991400
78991600
78991800
78992000
78992200
78992400
78992600
78992800
78993000
78993200
78993400
78993600
78993800
78994000
78994200
78994400
78994600
78994800
78995000
78995200
78995400
78995600
78995800
78996000
78996200
78996400
78996600
78996800
78997000
78997200
78997400
78997600
78997800
78998000
78998200
78998400
78998600
78998800
78999000
78999200
78999400
78999600
78999800
79000000
